1
                                                  -
4
          2
                                                         -
9
                 4
                                                                         1
                                                                                                            2              0 0
                                                                                           -
1                                            1             6                                                 1
1        14                                                        -
                    3                   3
                       1
                                                  1
      9
4                                     2
3                           1                          1
1                 1
                                                                                      8                          2    5     5                 1
                                      1
                       1
4    9
         4
7     5
         2
           5
             2
                                                                                                                                                   2